262 378
134 140
199 306
465 661
415 90
334 252
67 502
437 716
60 105
457 265
345 315
79 606
483 46
17 16
295 25
87 211
1 51
748 252
599 104
466 437
178 586
638 199
62 219
220 330
746 223
414 182
530 284
140 413
15 123
81 428
544 400
371 13
118 133
188 28
218 273
453 381
770 105
587 231
256 801
47 32
212 427
744 104
124 493
38 69
313 280
179 187
307 749
233 130
186 189
388 271
771 317
244 818
403 426
170 166
90 223
278 118
380 121
5 12
236 318
409 210
260 98
519 250
747 677
305 669
135 6
404 542
453 675
79 71
555 237
424 366
17 169
186 175
13 12
14 38
212 210
253 93
58 23
490 310
481 808
564 168
310 90
447 354
179 585
256 406
66 75
629 204
17 256
685 339
159 60
24 812
259 699
198 153
105 317
497 495
780 73
276 673
106 775
454 17
40 22
256 686
255 120
231 257
124 654
70 132
259 146
271 387
366 99
321 222
521 714
207 103
389 208
523 660
334 726
196 160
158 152
13 672
315 708
249 195
273 525
143 7
380 435
545 767
427 430
645 793
52 340
375 755
161 155
278 593
45 710
37 9
214 499
568 479
174 242
31 631
220 129
459 439
482 272
783 411
584 559
91 221
64 205
198 307
230 64
19 20
545 81
465 302
285 381
9 14
112 776
257 300
358 280
157 477
528 729
214 668
712 119
485 93
810 289
204 266
687 277
697 361
6 86
120 364
632 164
511 23
450 235
38 292
190 8
66 85
49 463
367 8
471 237
616 762
798 473
111 59
354 88
18 23
46 172
118 3
552 280
33 39
5 7
304 160
265 733
147 231
410 234
54 225
271 323
623 470
696 656
107 125
715 456
781 371
747 822
70 51
142 289
65 28
356 305
742 97
150 277
251 59
724 507
353 239
275 296
193 248
280 285
77 130
682 162
270 69
249 402
425 131
319 501
588 382
802 492
167 553
655 35
91 275
529 510
556 514
181 93
361 109
680 147
202 193
2 28
58 106
646 735
424 439
807 740
514 199
327 76
640 364
189 308
537 227
681 384
659 739
67 274
453 784
208 539
54 50
421 752
581 544
123 282
167 217
105 241
54 126
121 449
36 29
136 62
43 108
22 14
372 21
195 132
68 226
362 327
645 217
21 35
252 124
786 573
43 42
21 166
62 54
476 31
11 138
35 81
19 21
1 2
663 60
11 29
244 206
81 644
31 550
203 234
6 49
342 218
821 271
247 348
487 53
440 433
751 184
167 64
6 9
108 203
702 711
666 277
32 142
20 548
669 809
743 188
571 505
302 193
211 662
73 250
148 204
567 37
279 531
33 247
9 72
562 451
445 508
1 693
30 25
5 78
21 753
369 267
695 492
215 111
639 69
220 357
635 351
243 351
95 14
760 184
119 62
74 42
527 204
20 370
325 293
150 104
573 473
474 318
49 383
543 484
261 45
446 561
328 212
396 422
688 527
271 98
179 419
504 90
646 275
500 334
188 745
79 103
14 15
136 491
95 97
413 725
127 15
157 13
676 192
294 191
213 441
569 81
768 438
622 321
338 205
131 63
351 489
331 178
396 103
9 33
492 104
563 444
439 609
90 62
582 205
178 150
26 8
134 57
398 197
436 390
269 37
24 488
707 226
475 387
117 114
17 149
438 409
146 14
590 310
60 26
298 495
107 208
357 641
557 69
496 142
87 53
534 84
526 161
451 456
741 233
197 614
525 756
395 309
165 143
456 615
297 47
382 327
392 372
284 166
15 16
297 309
4 5
139 547
71 101
108 191
657 306
478 463
513 507
329 70
526 536
636 411
129 91
516 414
591 50
774 392
320 420
27 411
790 752
303 84
298 273
769 531
218 288
11 8
315 535
44 637
279 12
58 376
46 99
437 188
92 36
674 488
363 684
305 570
403 14
238 156
200 732
379 131
75 144
42 598
290 197
312 461
731 72
303 788
79 199
560 250
242 281
594 568
263 16
667 458
360 431
322 87
627 107
799 387
468 194
518 91
448 350
820 360
656 296
617 557
365 99
200 394
137 442
27 19
21 24
549 796
194 11
108 113
551 318
597 524
604 13
109 94
466 510
779 665
632 787
467 408
93 168
592 567
439 630
138 444
709 510
55 4
149 314
259 618
141 163
229 77
36 148
415 507
33 239
549 202
38 96
506 448
91 90
259 455
116 137
332 339
404 163
738 255
457 460
377 247
187 350
575 619
189 227
400 806
124 63
634 414
422 522
184 546
346 70
649 165
719 67
161 578
213 757
574 137
12 147
785 706
612 175
445 814
141 36
428 521
683 479
596 105
792 734
730 654
20 602
94 104
579 39
74 470
480 362
20 152
409 595
82 45
80 56
764 278
163 608
341 737
452 248
1 4
582 601
146 647
224 17
210 417
459 720
67 47
29 46
212 235
305 479
329 524
352 272
432 179
56 11
343 48
624 44
305 87
124 218
148 183
46 93
721 171
374 64
100 6
246 262
201 11
297 384
52 33
703 80
167 209
258 80
586 642
413 559
151 141
713 221
16 576
247 613
70 94
728 28
65 77
268 26
664 86
108 110
264 163
134 355
32 24
55 98
227 375
239 341
773 593
401 2
197 52
400 10
230 286
373 63
777 144
381 694
75 577
451 140
433 432
434 462
30 319
399 136
49 243
15 153
31 28
152 293
604 817
128 481
468 472
763 201
94 803
332 9
547 727
523 269
291 275
15 57
418 312
333 292
56 114
267 188
658 406
707 734
352 385
607 30
176 412
308 473
819 521
232 68
192 794
114 222
611 187
303 754
59 7
44 68
213 73
698 393
184 10
465 650
134 179
329 469
429 173
50 416
5 6
341 486
122 103
173 67
19 25
48 39
628 267
69 589
315 253
279 337
451 625
791 342
89 85
213 706
174 49
651 367
585 759
317 665
162 125
15 88
580 245
432 722
28 180
61 528
1 160
215 677
558 164
34 102
782 564
162 648
633 312
397 186
251 299
239 336
430 700
3 1
164 112
422 532
232 443
136 139
245 90
203 344
583 108
155 6
3 8
19 5
238 363
437 717
118 145
254 236
23 815
280 76
62 83
234 386
677 705
47 116
245 761
176 131
266 311
276 164
156 29
109 128
200 692
171 405
789 407
740 168
64 206
13 228
566 238
320 186
626 369
629 702
108 324
772 571
813 430
107 64
63 3
18 8
60 671
341 691
153 704
600 271
40 804
440 652
5 10
138 214
50 41
464 409
291 391
53 5
34 115
750 419
35 795
575 305
132 193
129 494
63 171
48 265
620 284
509 520
496 679
458 138
177 25